1856.00  -0.17  -0.41  -0.53  -0.38  -0.34  -0.20  -0.31  -0.28  -0.36  -0.42 
 -0.62  -0.31  -0.36 
1857.00  -0.31  -0.34  -0.49  -0.48  -0.61  -0.41  -0.38  -0.36  -0.47  -0.62 
 -0.77  -0.28  -0.46 
1858.00  -0.59  -0.95  -0.69  -0.36  -0.34  -0.28  -0.28  -0.23  -0.18  -0.19 
 -0.65  -0.26  -0.42 
1859.00  -0.27  -0.16  -0.18  -0.22  -0.11  -0.33  -0.24  -0.08  -0.39  -0.16 
 -0.34  -0.28  -0.23 
1860.00  -0.14  -0.52  -0.62  -0.45  -0.35  -0.09  -0.21  -0.23  -0.19  -0.41 
 -0.74  -0.79  -0.39 
1861.00  -0.96  -0.51  -0.45  -0.40  -0.76  -0.15  -0.13  -0.08  -0.31  -0.38 
 -0.47  -0.28  -0.41 
1862.00  -0.77  -0.85  -0.38  -0.22  -0.19  -0.25  -0.43  -0.66  -0.35  -0.39 
 -0.94  -0.88  -0.53 
1863.00   0.19  -0.06  -0.32  -0.18  -0.34  -0.34  -0.49  -0.34  -0.22  -0.34 
 -0.38  -0.21  -0.25 
1864.00  -0.81  -0.58  -0.46  -0.45  -0.46  -0.18  -0.12  -0.30  -0.36  -0.65 
 -0.49  -0.56  -0.45 
1865.00  -0.02  -0.56  -0.61  -0.15  -0.14  -0.22  -0.13  -0.23  -0.06  -0.31 
 -0.20  -0.28  -0.24 
1866.00   0.16  -0.09  -0.43  -0.17  -0.56   0.09  -0.07  -0.22  -0.15  -0.40 
 -0.33  -0.36  -0.21 
1867.00  -0.28   0.05  -0.48  -0.24  -0.42  -0.34  -0.25  -0.24  -0.17  -0.24 
 -0.32  -0.68  -0.30 
1868.00  -0.59  -0.38  -0.08  -0.27  -0.02  -0.13   0.06  -0.05  -0.15  -0.27 
 -0.50  -0.05  -0.20 
1869.00  -0.28   0.25  -0.54  -0.21  -0.17  -0.34  -0.32  -0.23  -0.21  -0.43 
 -0.49  -0.47  -0.29 
1870.00  -0.11  -0.50  -0.41  -0.23  -0.32  -0.26  -0.08  -0.27  -0.29  -0.40 
 -0.22  -0.77  -0.32 
1871.00  -0.51  -0.67  -0.03  -0.15  -0.35  -0.33  -0.04  -0.20  -0.42  -0.55 
 -0.49  -0.53  -0.36 
1872.00  -0.25  -0.38  -0.34  -0.13  -0.08  -0.18  -0.11   0.01  -0.10  -0.29 
 -0.23  -0.36  -0.20 
1873.00  -0.04  -0.31  -0.25  -0.44  -0.37  -0.30  -0.17  -0.16  -0.34  -0.34 
 -0.45  -0.30  -0.29 
1874.00   0.09  -0.36  -0.58  -0.56  -0.58  -0.42  -0.15  -0.38  -0.16  -0.46 
 -0.60  -0.49  -0.39 
1875.00  -0.63  -0.64  -0.60  -0.47  -0.12  -0.24  -0.34  -0.24  -0.37  -0.40 
 -0.61  -0.44  -0.42 
1876.00  -0.33  -0.34  -0.37  -0.36  -0.52  -0.33  -0.23  -0.22  -0.41  -0.45 
 -0.67  -0.68  -0.41 
1877.00  -0.27  -0.07  -0.29  -0.37  -0.50  -0.16   0.01  -0.01   0.00  -0.06 
 -0.04   0.16  -0.13 
1878.00   0.04   0.28   0.35   0.25  -0.15   0.00  -0.07  -0.03  -0.04  -0.14 
 -0.20  -0.32   0.00 
1879.00  -0.19  -0.19  -0.21  -0.29  -0.22  -0.31  -0.25  -0.22  -0.23  -0.23 
 -0.51  -0.61  -0.29 
1880.00  -0.07  -0.30  -0.18  -0.16  -0.32  -0.38  -0.28  -0.12  -0.29  -0.43 
 -0.47  -0.27  -0.27 
1881.00  -0.44  -0.30  -0.26  -0.19  -0.05  -0.23  -0.11  -0.07  -0.26  -0.36 
 -0.47  -0.19  -0.24 
1882.00   0.04  -0.04   0.03  -0.30  -0.31  -0.38  -0.21  -0.16  -0.13  -0.38 
 -0.41  -0.49  -0.23 
1883.00  -0.44  -0.36  -0.32  -0.39  -0.32  -0.11  -0.20  -0.20  -0.30  -0.42 
 -0.32  -0.31  -0.31 
1884.00  -0.32  -0.27  -0.34  -0.46  -0.38  -0.32  -0.35  -0.31  -0.26  -0.30 
 -0.61  -0.41  -0.36 
1885.00  -0.52  -0.49  -0.38  -0.39  -0.44  -0.50  -0.21  -0.28  -0.22  -0.28 
 -0.19  -0.08  -0.33 
1886.00  -0.32  -0.45  -0.37  -0.19  -0.11  -0.26  -0.18  -0.12  -0.19  -0.31 
 -0.37  -0.27  -0.26 
1887.00  -0.45  -0.51  -0.32  -0.43  -0.27  -0.39  -0.18  -0.36  -0.26  -0.47 
 -0.35  -0.43  -0.37 
1888.00  -0.67  -0.54  -0.55  -0.27  -0.29  -0.25  -0.28  -0.23  -0.15  -0.09 
 -0.20  -0.20  -0.31 
1889.00  -0.12  -0.11  -0.04  -0.03  -0.08  -0.16  -0.17  -0.22  -0.32  -0.28 
 -0.39  -0.15  -0.17 
1890.00  -0.30  -0.29  -0.33  -0.30  -0.43  -0.34  -0.33  -0.40  -0.44  -0.48 
 -0.57  -0.38  -0.38 
1891.00  -0.50  -0.50  -0.41  -0.38  -0.23  -0.34  -0.27  -0.24  -0.17  -0.30 
 -0.55  -0.09  -0.33 
1892.00  -0.42  -0.09  -0.42  -0.45  -0.40  -0.41  -0.46  -0.36  -0.24  -0.40 
 -0.57  -0.75  -0.41 
1893.00  -1.01  -0.72  -0.36  -0.52  -0.57  -0.38  -0.24  -0.30  -0.34  -0.25 
 -0.39  -0.31  -0.45 
1894.00  -0.41  -0.29  -0.32  -0.41  -0.38  -0.43  -0.31  -0.31  -0.42  -0.38 
 -0.43  -0.40  -0.37 
1895.00  -0.46  -0.69  -0.51  -0.34  -0.42  -0.36  -0.33  -0.25  -0.17  -0.28 
 -0.22  -0.32  -0.36 
1896.00  -0.23  -0.19  -0.36  -0.34  -0.16  -0.09  -0.10  -0.05  -0.03  -0.07 
 -0.24  -0.09  -0.16 
1897.00  -0.19  -0.10  -0.16  -0.04  -0.02  -0.09  -0.09  -0.12  -0.06  -0.16 
 -0.44  -0.36  -0.15 
1898.00  -0.07  -0.35  -0.70  -0.49  -0.38  -0.22  -0.25  -0.25  -0.25  -0.44 
 -0.37  -0.30  -0.34 
1899.00  -0.15  -0.46  -0.47  -0.25  -0.25  -0.34  -0.16  -0.10  -0.08  -0.11 
  0.06  -0.39  -0.23 
1900.00  -0.23  -0.19  -0.20  -0.15  -0.15  -0.06  -0.09  -0.11  -0.13   0.00 
 -0.29  -0.07  -0.14 
1901.00  -0.16  -0.25  -0.17  -0.14  -0.15  -0.16  -0.16  -0.15  -0.32  -0.28 
 -0.46  -0.42  -0.23 
1902.00  -0.21  -0.21  -0.38  -0.43  -0.40  -0.37  -0.34  -0.32  -0.33  -0.44 
 -0.50  -0.49  -0.37 
1903.00  -0.20  -0.12  -0.30  -0.45  -0.43  -0.52  -0.43  -0.50  -0.51  -0.57 
 -0.57  -0.64  -0.44 
1904.00  -0.64  -0.51  -0.59  -0.57  -0.52  -0.51  -0.46  -0.47  -0.47  -0.41 
 -0.31  -0.31  -0.48 
1905.00  -0.46  -0.69  -0.44  -0.51  -0.34  -0.31  -0.28  -0.30  -0.26  -0.38 
 -0.27  -0.19  -0.37 
1906.00  -0.15  -0.34  -0.29  -0.12  -0.28  -0.28  -0.31  -0.31  -0.33  -0.39 
 -0.53  -0.31  -0.30 
1907.00  -0.48  -0.55  -0.37  -0.55  -0.62  -0.55  -0.44  -0.47  -0.43  -0.37 
 -0.62  -0.50  -0.49 
1908.00  -0.48  -0.39  -0.59  -0.53  -0.52  -0.46  -0.46  -0.52  -0.44  -0.62 
 -0.65  -0.59  -0.52 
1909.00  -0.55  -0.54  -0.67  -0.60  -0.60  -0.50  -0.53  -0.33  -0.28  -0.37 
 -0.38  -0.62  -0.50 
1910.00  -0.33  -0.49  -0.39  -0.38  -0.49  -0.48  -0.38  -0.42  -0.37  -0.48 
 -0.62  -0.61  -0.46 
1911.00  -0.52  -0.66  -0.62  -0.64  -0.53  -0.50  -0.42  -0.42  -0.44  -0.40 
 -0.36  -0.25  -0.48 
1912.00  -0.32  -0.23  -0.37  -0.30  -0.37  -0.27  -0.44  -0.54  -0.52  -0.59 
 -0.48  -0.40  -0.40 
1913.00  -0.40  -0.45  -0.51  -0.49  -0.56  -0.50  -0.43  -0.34  -0.39  -0.46 
 -0.26  -0.12  -0.41 
1914.00  -0.05  -0.19  -0.26  -0.33  -0.23  -0.27  -0.28  -0.23  -0.34  -0.14 
 -0.32  -0.28  -0.24 
1915.00  -0.14   0.03  -0.29   0.02  -0.18  -0.12  -0.09  -0.18  -0.14  -0.25 
 -0.13  -0.31  -0.15 
1916.00  -0.22  -0.25  -0.38  -0.31  -0.43  -0.50  -0.35  -0.28  -0.32  -0.28 
 -0.52  -0.62  -0.37 
1917.00  -0.50  -0.79  -0.85  -0.48  -0.71  -0.36  -0.18  -0.25  -0.17  -0.38 
 -0.38  -0.81  -0.49 
1918.00  -0.42  -0.50  -0.42  -0.50  -0.60  -0.31  -0.50  -0.43  -0.36  -0.09 
 -0.23  -0.22  -0.38 
1919.00  -0.20  -0.10  -0.34   0.01  -0.30  -0.26  -0.30  -0.29  -0.21  -0.32 
 -0.64  -0.44  -0.28 
1920.00  -0.16  -0.47  -0.12  -0.13  -0.12  -0.20  -0.28  -0.09  -0.16  -0.21 
 -0.37  -0.46  -0.23 
1921.00  -0.16  -0.23  -0.25  -0.19  -0.20  -0.12  -0.15  -0.26  -0.22  -0.17 
 -0.39  -0.19  -0.21 
1922.00  -0.36  -0.28  -0.32  -0.31  -0.36  -0.32  -0.25  -0.27  -0.28  -0.34 
 -0.33  -0.26  -0.31 
1923.00  -0.16  -0.44  -0.32  -0.39  -0.32  -0.21  -0.41  -0.39  -0.35  -0.31 
 -0.01  -0.04  -0.28 
1924.00  -0.32  -0.25  -0.31  -0.36  -0.31  -0.28  -0.28  -0.24  -0.32  -0.31 
 -0.49  -0.57  -0.34 
1925.00  -0.43  -0.32  -0.23  -0.22  -0.32  -0.28  -0.23  -0.14  -0.22  -0.33 
 -0.14   0.00  -0.24 
1926.00   0.11   0.05   0.04  -0.21  -0.19  -0.19  -0.23  -0.01  -0.14  -0.08 
 -0.14  -0.16  -0.09 
1927.00  -0.20  -0.13  -0.28  -0.25  -0.26  -0.19  -0.13  -0.11  -0.07  -0.07 
 -0.22  -0.47  -0.20 
1928.00  -0.11  -0.20  -0.39  -0.32  -0.29  -0.31  -0.16  -0.20  -0.22  -0.19 
 -0.13  -0.22  -0.23 
1929.00  -0.44  -0.74  -0.41  -0.43  -0.43  -0.36  -0.37  -0.22  -0.31  -0.14 
 -0.11  -0.57  -0.38 
1930.00  -0.36  -0.22  -0.19  -0.19  -0.21  -0.18  -0.14  -0.09  -0.16  -0.09 
  0.06  -0.11  -0.16 
1931.00   0.01  -0.23  -0.07  -0.14  -0.14   0.05   0.03  -0.01  -0.06  -0.06 
 -0.20  -0.09  -0.08 
1932.00   0.14  -0.24  -0.28  -0.07  -0.17  -0.16  -0.11  -0.12  -0.01  -0.05 
 -0.22  -0.20  -0.12 
1933.00  -0.26  -0.28  -0.30  -0.20  -0.21  -0.16  -0.16  -0.11  -0.23  -0.14 
 -0.33  -0.54  -0.24 
1934.00  -0.23  -0.16  -0.34  -0.25  -0.10  -0.02  -0.07  -0.01  -0.10  -0.05 
 -0.05  -0.12  -0.12 
1935.00  -0.23   0.15  -0.22  -0.28  -0.32  -0.19  -0.15  -0.07  -0.14  -0.02 
 -0.34  -0.22  -0.17 
1936.00  -0.22  -0.34  -0.22  -0.22  -0.16  -0.11   0.08   0.03  -0.11  -0.05 
 -0.09  -0.04  -0.12 
1937.00  -0.16   0.05  -0.23  -0.11  -0.07   0.02   0.03   0.09   0.13   0.06 
 -0.04  -0.17  -0.04 
1938.00   0.03   0.02   0.14   0.13   0.04   0.08   0.09   0.07   0.10   0.17 
  0.08  -0.23   0.06 
1939.00   0.02  -0.01  -0.19  -0.06  -0.03   0.13   0.06   0.09  -0.12  -0.24 
 -0.14   0.27  -0.02 
1940.00  -0.22  -0.12  -0.13   0.05  -0.01   0.00   0.18  -0.02   0.10  -0.06 
 -0.17   0.14  -0.02 
1941.00   0.00   0.07  -0.09   0.21  -0.08   0.05   0.03   0.04  -0.12   0.33 
  0.12   0.18   0.06 
1942.00   0.31   0.00   0.08   0.04   0.07   0.13  -0.07   0.05   0.04   0.01 
 -0.05  -0.09   0.04 
1943.00  -0.15   0.06  -0.20  -0.02   0.08  -0.04   0.11   0.02   0.03   0.30 
  0.06   0.19   0.04 
1944.00   0.33   0.18   0.17   0.06   0.13   0.26   0.27   0.29   0.29   0.26 
  0.01   0.00   0.19 
1945.00   0.00  -0.04  -0.03   0.18  -0.12   0.04  -0.03   0.38   0.22   0.24 
  0.00  -0.17   0.06 
1946.00   0.14   0.12  -0.17   0.06  -0.17  -0.30  -0.13  -0.22  -0.06  -0.07 
 -0.18  -0.44  -0.12 
1947.00  -0.19  -0.20  -0.08   0.02  -0.14  -0.05  -0.07  -0.13  -0.14   0.00 
 -0.06  -0.22  -0.11 
1948.00   0.03  -0.19  -0.24  -0.12   0.01   0.02  -0.16  -0.05  -0.12  -0.08 
 -0.16  -0.23  -0.11 
1949.00   0.11  -0.16  -0.22  -0.06  -0.11  -0.18  -0.17  -0.03  -0.09  -0.05 
 -0.13  -0.25  -0.11 
1950.00  -0.39  -0.31  -0.18  -0.21  -0.14  -0.12  -0.09  -0.14  -0.10  -0.13 
 -0.45  -0.27  -0.21 
1951.00  -0.38  -0.49  -0.28  -0.12  -0.03   0.06   0.01   0.09   0.07   0.08 
 -0.07   0.14  -0.08 
1952.00   0.13   0.10  -0.08   0.05   0.01   0.02   0.03   0.09   0.09  -0.02 
 -0.25  -0.06   0.01 
1953.00   0.05   0.17   0.10   0.19   0.10   0.11   0.04   0.06   0.05   0.04 
 -0.11   0.03   0.07 
1954.00  -0.28  -0.09  -0.17  -0.25  -0.27  -0.18  -0.24  -0.11  -0.12  -0.08 
 -0.03  -0.28  -0.18 
1955.00   0.07  -0.14  -0.39  -0.28  -0.23  -0.14  -0.20  -0.04  -0.10  -0.16 
 -0.25  -0.32  -0.18 
1956.00  -0.25  -0.36  -0.31  -0.32  -0.31  -0.22  -0.20  -0.21  -0.29  -0.19 
 -0.28  -0.19  -0.26 
1957.00  -0.16  -0.10  -0.11  -0.04   0.09   0.14   0.07   0.12   0.09   0.04 
  0.12   0.20   0.04 
1958.00   0.32   0.23   0.07   0.11   0.08   0.05   0.07   0.06  -0.01   0.06 
  0.04   0.11   0.10 
1959.00   0.11   0.05   0.12   0.07   0.01   0.09   0.04   0.03   0.09  -0.02 
 -0.14  -0.10   0.03 
1960.00   0.00   0.20  -0.28  -0.11  -0.12   0.02  -0.02   0.08   0.07   0.03 
 -0.11   0.16  -0.01 
1961.00   0.03   0.16   0.09   0.09   0.09   0.11  -0.01   0.04  -0.05  -0.06 
 -0.02  -0.11   0.03 
1962.00   0.02   0.13   0.03   0.02  -0.02  -0.04   0.01   0.02   0.03   0.08 
  0.00   0.00   0.02 
1963.00  -0.03   0.17  -0.10  -0.03  -0.03  -0.04   0.09   0.11   0.14   0.20 
  0.12  -0.02   0.05 
1964.00  -0.03  -0.20  -0.28  -0.25  -0.20  -0.14  -0.18  -0.25  -0.28  -0.30 
 -0.31  -0.41  -0.24 
1965.00  -0.14  -0.26  -0.24  -0.28  -0.16  -0.11  -0.18  -0.11  -0.09  -0.04 
 -0.17  -0.10  -0.16 
1966.00  -0.08  -0.10  -0.05  -0.10  -0.13   0.03   0.05  -0.03   0.00  -0.10 
 -0.08  -0.23  -0.07 
1967.00  -0.19  -0.24  -0.10  -0.06   0.04  -0.10  -0.09  -0.03  -0.06   0.10 
 -0.09  -0.13  -0.08 
1968.00  -0.26  -0.20   0.05  -0.17  -0.20  -0.08  -0.07  -0.04  -0.05  -0.01 
 -0.02  -0.09  -0.10 
1969.00  -0.21  -0.14   0.04   0.11   0.11   0.04   0.07   0.04   0.05   0.04 
  0.10   0.16   0.03 
1970.00   0.09   0.20  -0.05   0.08  -0.01  -0.02  -0.04  -0.09  -0.05  -0.12 
 -0.06  -0.23  -0.03 
1971.00  -0.10  -0.33  -0.29  -0.25  -0.22  -0.26  -0.14  -0.12  -0.12  -0.13 
 -0.11  -0.19  -0.19 
1972.00  -0.38  -0.26  -0.12  -0.04  -0.03   0.03   0.00   0.07   0.00   0.05 
  0.02   0.17  -0.04 
1973.00   0.18   0.28   0.20   0.16   0.11   0.15   0.09   0.06  -0.01   0.01 
 -0.09  -0.05   0.09 
1974.00  -0.32  -0.35  -0.20  -0.16  -0.14  -0.12  -0.09  -0.04  -0.12  -0.12 
 -0.17  -0.26  -0.17 
1975.00  -0.05  -0.08  -0.05  -0.06  -0.03  -0.08  -0.09  -0.14  -0.05  -0.21 
 -0.27  -0.30  -0.12 
1976.00  -0.19  -0.29  -0.39  -0.16  -0.30  -0.18  -0.16  -0.15  -0.14  -0.31 
 -0.17  -0.11  -0.21 
1977.00  -0.13   0.09   0.13   0.14   0.08   0.12   0.06   0.02   0.08   0.01 
  0.14  -0.07   0.06 
1978.00   0.06   0.01   0.07  -0.02  -0.07  -0.15   0.00  -0.14  -0.02  -0.11 
  0.05  -0.05  -0.03 
1979.00  -0.05  -0.09   0.04  -0.08  -0.05   0.05   0.01   0.11   0.12   0.16 
  0.16   0.39   0.06 
1980.00   0.16   0.17   0.06   0.14   0.19   0.12   0.09   0.08   0.02   0.00 
  0.20   0.08   0.11 
1981.00   0.34   0.19   0.22   0.17   0.05   0.09   0.03   0.12   0.05   0.00 
  0.04   0.28   0.13 
1982.00   0.02   0.05  -0.05   0.09   0.09  -0.02   0.03   0.03   0.11   0.09 
  0.01   0.28   0.06 
1983.00   0.48   0.40   0.28   0.19   0.17   0.16   0.19   0.27   0.23   0.14 
  0.27   0.13   0.24 
1984.00   0.19   0.06   0.09   0.00   0.14   0.01   0.02   0.12   0.06  -0.01 
 -0.10  -0.25   0.03 
1985.00   0.03  -0.11   0.02   0.03   0.06  -0.04  -0.02   0.06   0.01   0.06 
 -0.04   0.02   0.01 
1986.00   0.16   0.16   0.13   0.12   0.09   0.13   0.05   0.07   0.08   0.12 
  0.00   0.07   0.10 
1987.00   0.18   0.36   0.07   0.16   0.19   0.17   0.32   0.29   0.34   0.24 
  0.22   0.38   0.24 
1988.00   0.43   0.27   0.31   0.32   0.27   0.28   0.21   0.23   0.25   0.20 
  0.08   0.21   0.25 
1989.00   0.13   0.20   0.22   0.13   0.11   0.13   0.24   0.22   0.19   0.22 
  0.15   0.26   0.18 
1990.00   0.28   0.37   0.57   0.39   0.27   0.30   0.28   0.31   0.22   0.39 
  0.40   0.30   0.34 
1991.00   0.32   0.40   0.24   0.42   0.31   0.38   0.36   0.29   0.27   0.22 
  0.14   0.14   0.29 
1992.00   0.36   0.37   0.30   0.17   0.18   0.17  -0.01   0.06   0.02   0.02 
 -0.04   0.12   0.14 
1993.00   0.35   0.36   0.31   0.22   0.25   0.14   0.16   0.13   0.09   0.15 
  0.01   0.13   0.19 
1994.00   0.23  -0.01   0.25   0.28   0.28   0.25   0.22   0.24   0.25   0.34 
  0.43   0.31   0.26 
1995.00   0.48   0.62   0.39   0.28   0.28   0.35   0.39   0.43   0.32   0.40 
  0.37   0.23   0.38 
1996.00   0.17   0.36   0.23   0.16   0.27   0.24   0.27   0.22   0.17   0.14 
  0.16   0.27   0.22 
1997.00   0.28   0.34   0.36   0.31   0.31   0.44   0.46   0.49   0.53   0.59 
  0.49   0.56   0.43 
1998.00   0.53   0.83   0.61   0.69   0.61   0.63   0.72   0.69   0.46   0.46 
  0.32   0.48   0.58 
1999.00   0.42   0.63   0.27   0.35   0.27   0.32   0.32   0.28   0.28   0.28 
  0.20   0.39   0.34 
2000.00   0.20   0.42   0.40   0.44   0.30   0.26   0.24   0.38   0.31   0.22 
  0.12   0.16   0.29 
