  1854.0     -100 -0.12000   -100     -100     -100
  1855.0     -100 -0.43000   -100     -100     -100   
  1856.0     -100 -0.28000   -100     -100     -100   
  1857.0     -100 -0.47000   -100     -100     -100   
  1858.0     -100 -0.38000   -100     -100     -100   
  1859.0     -100 -0.18000   -100     -100     -100   
  1860.0   93.300 -0.38000   -100     -100     -100   
  1861.0   98.700 -0.45000   -100     -100     -100   
  1862.0   98.400 -0.58000   -100     -100     -100   
  1863.0   106.00 -0.23000   -100     -100     -100   
  1864.0   115.10 -0.46000   -100     -100     -100   
  1865.0   121.90 -0.23000   -100     -100     -100   
  1866.0   128.70 -0.20000   -100     -100     -100   
  1867.0   137.90 -0.23000 -0.24000   -100     -100
  1868.0   136.70 -0.27000 -0.29000   -100     -100
  1869.0   141.80 -0.21000 -0.22000   -100     -100
  1870.0   145.00 -0.31000 -0.29000   -100     -100
  1871.0   161.90 -0.37000 -0.39000   -100     -100
  1872.0   175.90 -0.28000 -0.24000   -100     -100
  1873.0   188.40 -0.30000 -0.27000   -100     -100
  1874.0   183.80 -0.39000 -0.42000   -100     -100
  1875.0   189.20 -0.44000 -0.41000   -100     -100
  1876.0   191.60 -0.40000 -0.35000   -100     -100
  1877.0   196.00 -0.12000 -0.15000   -100     -100
  1878.0   196.50 0.020000 -0.070000  -100     -100
  1879.0   207.60 -0.35000 -0.25000   -100     -100
  1880.0   227.10 -0.32000 -0.23000 -0.33000   -100
  1881.0   244.40 -0.29000 -0.28000 -0.33000 -0.31000 
  1882.0   262.50 -0.30000 -0.34000 -0.40000 -0.27000 
  1883.0   280.00 -0.35000 -0.37000 -0.40000 -0.30000 
  1884.0   282.10 -0.44000 -0.47000 -0.65000 -0.59000 
  1885.0   276.40 -0.38000 -0.41000 -0.43000 -0.39000 
  1886.0   278.70 -0.27000 -0.29000 -0.40000 -0.39000 
  1887.0   297.70 -0.40000 -0.33000 -0.52000 -0.52000 
  1888.0   321.90 -0.31000 -0.35000 -0.30000 -0.20000 
  1889.0   328.50 -0.17000 -0.23000 -0.12000 -0.080000 
  1890.0   349.70 -0.40000 -0.33000 -0.40000 -0.37000 
  1891.0   365.40 -0.34000 -0.33000 -0.42000 -0.42000 
  1892.0   368.70 -0.38000 -0.37000 -0.40000 -0.39000 
  1893.0   361.60 -0.43000 -0.39000 -0.46000 -0.43000 
  1894.0   377.10 -0.35000 -0.32000 -0.35000 -0.37000 
  1895.0   398.60 -0.31000 -0.32000 -0.36000 -0.26000 
  1896.0   411.60 -0.14000 -0.21000 -0.19000 -0.15000 
  1897.0   431.50 -0.10000 -0.21000 -0.15000 -0.070000 
  1898.0   454.60 -0.31000 -0.29000 -0.37000 -0.36000 
  1899.0   497.30 -0.18000 -0.17000 -0.22000 -0.22000 
  1900.0   524.90 -0.050000 -0.070000 -0.010000 0.060000 
  1901.0   540.30 -0.14000 -0.13000 -0.080000 -0.080000 
  1902.0   552.90 -0.25000 -0.23000 -0.25000 -0.16000 
  1903.0   606.40 -0.38000 -0.38000 -0.36000 -0.31000 
  1904.0   613.40 -0.47000 -0.40000 -0.49000 -0.43000 
  1905.0   646.60 -0.31000 -0.40000 -0.27000 -0.23000 
  1906.0   696.10 -0.22000 -0.28000 -0.19000 -0.14000 
  1907.0   771.20 -0.41000 -0.37000 -0.43000 -0.38000 
  1908.0   736.60 -0.44000 -0.44000 -0.30000 -0.33000 
  1909.0   769.00 -0.36000 -0.34000 -0.30000 -0.23000 
  1910.0   804.80 -0.35000 -0.29000 -0.29000 -0.24000 
  1911.0   821.80 -0.40000 -0.35000 -0.29000 -0.28000 
  1912.0   866.20 -0.31000 -0.40000 -0.28000 -0.17000 
  1913.0   929.00 -0.33000 -0.37000 -0.23000 -0.19000 
  1914.0   838.40 -0.16000 -0.21000 -0.040000 -0.020000 
  1915.0   830.80 -0.050000 -0.11000 -0.020000 0.030000 
  1916.0   894.80 -0.29000 -0.27000 -0.24000 -0.17000 
  1917.0   945.30 -0.47000 -0.36000 -0.42000 -0.43000 
  1918.0   932.00 -0.35000 -0.23000 -0.35000 -0.34000 
  1919.0   828.90 -0.25000 -0.32000 -0.17000 -0.17000 
  1920.0   958.90 -0.23000 -0.27000 -0.17000 -0.10000 
  1921.0   828.00 -0.20000 -0.16000 -0.10000 -0.090000 
  1922.0   890.60 -0.28000 -0.26000 -0.13000 -0.14000 
  1923.0   1005.3 -0.25000 -0.22000 -0.16000 -0.18000 
  1924.0   998.50 -0.29000 -0.33000 -0.15000 -0.14000 
  1925.0   1006.4 -0.17000 -0.12000 -0.15000 -0.090000 
  1926.0   1006.0   0.0000 -0.070000  0.10000  0.14000 
  1927.0   1097.5 -0.13000 -0.10000 -0.030000 0.020000 
  1928.0   1090.0 -0.14000 -0.14000 0.030000 0.040000 
  1929.0   1171.9 -0.32000 -0.27000 -0.18000 -0.16000 
  1930.0   1077.5 -0.14000 -0.12000 -0.070000 0.030000 
  1931.0   968.20 -0.040000 -0.010000 0.040000  0.10000 
  1932.0   873.80 -0.11000 -0.11000 0.020000 0.060000 
  1933.0   918.80 -0.22000 -0.25000 -0.14000 -0.14000 
  1934.0   996.50 -0.11000 -0.090000 0.020000 0.050000 
  1935.0   1031.7 -0.16000 -0.16000 -0.070000 -0.030000 
  1936.0   1146.4 -0.13000 -0.11000 0.020000 0.040000 
  1937.0   1226.2 0.010000 0.010000  0.12000  0.14000 
  1938.0   1161.4 0.080000  0.10000  0.13000  0.12000 
  1939.0   1232.9 -0.030000 0.040000 -0.030000   0.0000 
  1940.0   1300.4 0.030000 -0.030000  0.14000  0.15000 
  1941.0   1337.1 0.040000 -0.080000  0.12000  0.15000 
  1942.0   1334.4 0.050000 -0.020000 0.090000  0.15000 
  1943.0   1364.0   0.0000 0.030000 0.030000 0.020000 
  1944.0   1352.2  0.16000  0.16000  0.11000  0.16000 
  1945.0   1203.6 0.050000 0.050000 -0.040000 0.070000 
  1946.0   1270.5 -0.060000 -0.070000 0.010000 0.040000 
  1947.0   1421.5 -0.040000 -0.080000  0.12000  0.15000 
  1948.0   1517.5 -0.050000 -0.040000 -0.010000 0.060000 
  1949.0   1485.4 -0.080000 -0.10000 -0.070000 0.020000 
  1950.0   1638.0 -0.14000 -0.080000 -0.15000 -0.070000 
  1951.0   1775.0 -0.020000 0.040000 -0.020000 0.060000 
  1952.0   1803.0 0.080000 0.050000 0.040000 0.090000 
  1953.0   1848.0  0.13000 0.090000  0.13000  0.17000 
  1954.0   1871.0 -0.11000 -0.13000 -0.070000 -0.020000 
  1955.0   2050.0 -0.14000 -0.10000 -0.060000 -0.10000 
  1956.0   2185.0 -0.22000 -0.13000 -0.17000 -0.19000 
  1957.0   2278.0 0.090000  0.11000  0.10000 0.070000 
  1958.0   2338.0  0.11000 0.060000  0.10000  0.17000 
  1959.0   2471.0 0.050000 0.030000 0.050000  0.12000 
  1960.0   2586.0 -0.020000 -0.010000 -0.010000 0.070000 
  1961.0   2602.0  0.12000  0.13000 0.080000  0.10000 
  1962.0   2708.0  0.11000  0.14000 0.020000 0.070000 
  1963.0   2855.0  0.13000  0.15000 0.020000 0.040000 
  1964.0   3016.0 -0.18000 -0.19000 -0.26000 -0.25000 
  1965.0   3154.0 -0.12000 -0.11000 -0.16000 -0.15000 
  1966.0   3314.0 -0.040000 -0.12000 -0.090000 -0.060000 
  1967.0   3420.0 -0.010000 0.010000 -0.020000 -0.030000 
  1968.0   3596.0 -0.060000 -0.040000 -0.12000 -0.12000 
  1969.0   3809.0 0.060000 0.030000 0.030000 0.040000 
  1970.0   4084.0 0.050000 0.020000 0.040000 0.030000 
  1971.0   4235.0 -0.080000   0.0000 -0.11000 -0.15000 
  1972.0   4403.0 0.020000 0.040000 -0.070000 -0.060000 
  1973.0   4641.0  0.14000 0.090000  0.20000  0.20000 
  1974.0   4649.0 -0.10000   0.0000 -0.070000 -0.090000 
  1975.0   4622.0 -0.090000 -0.040000 -0.050000 -0.020000 
  1976.0   4889.0 -0.22000 -0.12000 -0.22000 -0.15000 
  1977.0   5028.0  0.11000 0.050000  0.16000  0.18000 
  1978.0   5076.0 0.040000 -0.030000 0.090000  0.10000 
  1979.0   5358.0  0.10000  0.10000  0.14000  0.22000 
  1980.0   5292.0  0.19000  0.16000  0.28000  0.27000 
  1981.0   5121.0  0.27000  0.26000  0.39000  0.36000 
  1982.0   5081.0 0.090000 0.080000 0.060000  0.14000 
  1983.0   5072.0  0.30000  0.14000  0.29000  0.34000 
  1984.0   5237.0  0.12000  0.12000  0.11000 0.080000 
  1985.0   5413.0 0.090000 0.090000  0.10000 0.070000 
  1986.0   5601.0  0.17000  0.17000  0.15000  0.20000 
  1987.0   5727.0  0.30000  0.21000  0.32000  0.38000 
  1988.0   5953.0  0.34000  0.31000  0.35000  0.40000 
  1989.0   6068.0  0.25000  0.35000  0.25000  0.29000 
  1990.0   6098.0  0.39000  0.38000  0.47000  0.51000 
  1991.0   6188.0  0.35000  0.30000  0.41000  0.42000 
  1992.0    -100   0.17000    -100   0.13000  0.14000 
  1993.0    -100   0.21000    -100   0.20000  0.29000 
