ind
.0089869
.0079447
.0058127
.0050881
.005113
.0072223
.0041695
.0058357
.0048693
.0091317
.0095652
.0074054
.0042188
.0039953
.0029106
.0037898
.0033198
.0036466
.0037031
.0055988
.0038965
.002854
.002968
.0026412
.0021765
.0020384
.003241
.0027622
.0031751
.0044855
.0029237
.004518
.0055448
.0057325
.0072258
.015318
.0056787
.007405
.0047558
.0077728
.0064807
.0107943
.010169
.0135633
.0126942
.0192327
.0336585
.0153779
.0120725
.0233907
.014793
.0111535
.0075953
.0053608
.0068031
.0060684
.0048443
.006006
.0059405
.0058841
.0050758
.0037554
.0028699
.0040951
.0044031
.0041621
.0056369
.0133677
.0076458
.0087141
.0072209
.0047645
.0046073
.0042913
.010281
.0024063
.0018186
.0072293
.0029797
.0033294
.0025261
.0025835
.0020483
.0040597
.0034486
.0030254
.0018086
.0022955
.0019433
.0022006
.00179
.0017582
.0012682
.00109
.0012444
.001142
.0014297
.001579
.001854
.0020756
.0023975
.0019189
.0026921
.0029082
.0020814
.0019646
.001699
.0013854
.001829
.0019882
.0016018
.0016808
.001478
.0013074
.0012572
.0014019
.0012282
.0019917
.0024561
.0022262
.0014434
.0014757
.001335
.0013556
.0012259
.000933
.0006892
.0009809
.0008492
.0009247
.0008842
.0010698
.0010362
.0016418
.0016041
.0016318
.0019134
.0016163
.0019582
.0019562
.0015183
.0016611
.0013124
.0015641
.0012414
.0013358
.0016411
.0027155
.0016152
.0011408
.0015156
.0021242
.0018126
.0022358
.0021063
.0021588
.0018284
.0027394
.0020923
.0020735
.0024311
.0021931
.0016185
.0017575
.0014035
.0033892
.0018817
.0022844
.0010272
.001146
.0011238
.0020865
.0014083
.0012176
.0010589
.0010643
.0010819
.001271
.0012302
.0015468
.0017968
.0025845
.0025542
.0028565
.0022088
.0020648
.0021001
.0019327
.0023552
.0025629
.0018863
.0017229
.0015279
.0016088
.0021573
.0019382
.0027155
.0035235
.0031027
.0021225
.0019362
.0015998
.0021709
.0020358
.0017115
.0014054
.0017307
.0017393
.0022492
.0026228
.003446
.0046254
.0039414
.0026443
.0054935
.0058596
.0055302
.0031048
.0025024
.0021675
.0022703
.0015887
.0012619
.0014622
.0013585
.0011242
.00116
.0010782
.0010863
.0017063
.0017121
.0022827
.0014113
.0014257
.001941
.0022294
.0056584
.0033439
.0031232
.0043318
.0035306
.0037344
.0025387
.0023929
.0032091
.0021931
.0035153
.0049127
.004344
.0030752
.002392
.0026284
.0024599
.0018903
.0023197
.0019255
.0018058
.001746
.0017949
.0020492
.0027337
.0023539
.0031854
.0020759
.0030091
.0029466
.0026839
.0069566
.002948
.0018249
.0013422
.0014644
.0012582
.001522
.0017764
.0022384
.0020741
.001737
.0045867
.0039869
.0043208
.0025738
.0019539
.0028898
.0034083
.0034282
.0023557
.002512
.0040135
.0038553
.0029143
.0029051
.0025221
.0029411
.0018677
.0021328
.0023966
.002628
.002751
.0031982
.003745
.0028024
.0027424
.0028646
.0036134
.0038105
.0031094
.0035891
.0038726
.0039031
.0068373
.0079851
.0067077
.0090461
.0058844
.0101174
.0196073
.0177476
.011617
.0172355
.0154478
.008388
.0079243
.0070986
.0052391
.0062584
.0099409
.0094732
.0038537
.0034687
.0029103
.0024127
.0024578
.0025171
.002262
.0025365
.0022267
.0027221
.0026217
.0032166
.0027661
.0030787
.0029921
.0023612
.002133
.0017569
.003092
.0041869
.0089158
.0078611
.0206658
.0273814
.0200593
.0138599
.0053568
.0035012
.0026338
.0033248
.0023527
.0020102
.0026932
.0023163
.0045053
.0043095
