firmmkt
2.953183
1.682957
2.21301
3.42126
3.925851
2.917673
3.506802
3.161758
7.989976
4.449011
3.316479
7.015758
2.960264
.4082178
5.290844
4.44136
1.166251
5.618956
6.212501
3.123034
1.667799
4.533596
5.009443
4.505254
6.258204
5.76475
4.207381
4.162117
4.212005
1.808227
3.633152
3.096138
2.082473
2.457769
2.852324
.5522185
5.273855
1.2237
1.519041
1.460107
2.651815
1.506891
1.338287
.9796262
1.289664
1.898371
1.427356
1.016511
.8896062
1.414902
.8331766
.9906085
1.399985
1.409859
1.4065
2.966626
2.699874
3.028946
3.478773
2.722142
2.31553
1.630947
3.071435
2.495398
2.941056
1.419477
1.059039
.7641478
.9356873
.9862012
.9125469
1.981688
.9111677
1.310526
1.240416
3.276054
4.475506
.9462007
2.306029
2.162204
2.551614
3.370479
4.98184
2.146505
2.803866
3.212485
4.825659
4.872172
4.587476
2.834952
2.246887
2.847934
4.979612
4.858095
3.094846
4.191881
2.569378
3.648355
1.959281
3.012308
1.2651
3.109527
.8580201
1.387745
2.01659
1.846819
2.385245
4.443768
2.180522
4.72281
1.572442
1.432954
2.627605
2.874429
2.698645
4.982672
4.151076
1.544657
2.042003
1.523738
2.397201
2.243744
4.530666
2.508599
3.79357
3.587741
5.166043
3.891495
3.632184
2.022686
2.104166
4.309987
5.0605
3.991143
3.938444
3.663912
1.622231
4.852385
1.548865
2.092489
2.273381
1.995205
2.697499
1.82584
2.552036
5.009341
1.565239
.9699987
3.067582
3.675112
3.881424
2.736759
3.992097
4.644869
2.264079
6.193025
2.615392
6.284889
2.409649
4.04782
6.839706
4.652781
4.174946
10.16085
5.436076
.8865992
2.061867
1.726159
4.13002
7.413443
4.901296
2.253458
20.91725
7.183335
7.574522
7.444645
8.454879
2.476306
7.481834
13.11281
6.10425
3.576693
2.01214
3.350321
8.1033
3.74808
12.96795
6.993127
4.007823
5.330292
7.75378
12.16708
5.166084
5.541435
2.79557
4.687495
4.201507
1.490755
3.351148
4.748801
7.700833
5.650232
2.650835
3.058044
7.497578
5.73746
5.835319
5.298858
3.350146
1.965605
3.660792
1.856456
2.416914
2.344844
1.416907
1.525781
2.625055
3.323181
2.196639
2.776448
3.150762
3.113229
3.849686
3.020405
5.128321
3.593291
4.816651
2.859748
3.885922
2.957171
3.763649
1.573429
3.551425
4.352506
4.115619
2.401282
2.269944
2.789826
2.562238
2.199719
2.866474
5.32654
2.642753
3.519012
2.763487
3.684674
2.06376
1.627532
2.603426
4.19115
3.112109
5.485402
3.620502
3.73836
2.968316
3.408645
3.891824
5.650609
4.381911
4.456404
3.779995
2.553881
1.938685
3.109718
2.678616
1.986719
2.721501
.6650385
1.491439
1.510029
2.287695
2.905618
2.830192
3.201843
3.73258
1.729674
2.40471
2.828736
1.624885
2.360744
2.520051
2.830517
3.312661
2.933271
7.134442
4.23917
5.267223
7.081186
5.282005
6.346694
10.09404
11.54078
5.220719
4.354035
7.125228
4.459683
9.305368
6.605855
9.641111
8.156713
3.577501
4.780868
3.01204
4.728714
3.115872
2.357647
2.574466
1.462649
3.679713
3.481178
1.351398
3.312919
3.179105
4.278066
3.541297
4.431825
3.368304
3.552691
8.86567
4.171859
2.888719
2.371299
1.94635
3.243198
2.696884
2.067737
.8496342
1.263584
.950832
1.702308
2.303546
3.291581
2.337088
2.136598
2.556061
2.955088
2.699072
2.019674
3.219204
2.387864
3.709643
1.688336
2.851716
4.605532
1.624768
2.138708
1.082153
1.224648
1.292581
2.208853
1.021597
.5000547
.8694095
1.283466
1.736554
1.293219
1.543271
.5852451
.9219294
1.86619
1.916167
1.554222
.3733045
.5116601
