1772.204
1769.486
1768.032
1794.842
1823.365
1856.930
1866.913
1869.779
1843.814
1837.080
1857.689
1840.250
1914.632
1972.901
2050.100
2086.170
2112.534
2147.579
2190.372
2194.083
2216.159
2218.603
2233.467
2307.245
2350.414
2368.201
2353.802
2316.544
2305.491
2308.383
2334.410
2381.157
2449.748
2490.274
2523.548
2537.637
2526.058
2545.925
2542.725
2584.276
2600.158
2593.885
2618.873
2591.321
2521.170
2536.645
2596.083
2656.615
2710.349
2778.801
2775.488
2785.204
2847.699
2834.390
2839.022
2802.616
2819.264
2872.005
2918.419
2977.830
3031.241
3064.709
3093.047
3100.563
3141.087
3180.447
3240.332
3264.967
3338.246
3376.587
3422.469
3431.957
3516.251
3563.960
3636.285
3724.014
3815.423
3828.124
3853.301
3884.520
3918.740
3919.556
3950.826
3980.970
4063.013
4131.998
4160.267
4178.293
4244.100
4256.460
4283.378
4263.261
4256.573
4264.289
4302.259
4256.637
4374.016
4398.829
4433.943
4446.264
4525.769
4633.101
4677.503
4754.546
4876.166
4932.571
4906.252
4953.050
4909.617
4922.188
4873.520
4854.340
4795.295
4831.942
4913.328
4977.511
5090.663
5128.947
5154.072
5191.499
5251.762
5356.131
5451.921
5450.793
5469.405
5684.569
5740.300
5816.222
5825.949
5831.418
5873.335
5889.495
5908.467
5787.373
5776.617
5883.460
6005.717
5957.795
6030.184
5955.062
5857.333
5889.074
5866.370
5871.001
5944.020
6077.619
6197.468
6325.574
6448.264
6559.594
6623.343
6677.264
6740.275
6797.344
6903.523
6955.918
7022.757
7050.969
7118.950
7153.359
7193.019
7269.510
7332.558
7458.022
7496.600
7592.881
7632.082
7733.991
7806.603
7865.016
7927.393
7944.697
8027.693
8059.598
8059.476
7988.864
7950.164
8003.822
8037.538
8069.046
8157.616
8244.294
8329.361
8417.016
8432.485
8486.435
8531.108
8643.769
8727.919
8847.303
8904.289
9003.180
9025.267
9044.668
9120.684
9184.275
9247.188
9407.052
9488.879
9592.458
9666.235
9809.551
9932.672
10008.874
10103.425
10194.277
10328.787
10507.575
10601.179
10684.049
10819.914
11014.254
11043.044
11258.454
11267.867
11334.544
11297.171
11371.251
11340.075
11380.128
11477.868
11538.770
11596.430
11598.824
11645.819
11738.706
11935.461
12042.817
12127.623
12213.818
12303.533
12410.282
12534.113
12587.535
12683.153
12748.699
12915.938
12962.462
12965.916
13060.679
13089.316
13194.148
13268.458
13363.488
13339.175
13359.046
13223.507
12993.665
12832.619
12810.012
12860.800
13019.012
13138.832
13194.862
13277.403